8645862
8554718
8740158
8796494
8495731
8798078
8600858
8655822
965493
8398280
8802021
8542940
8677542
8572767
8575404
8222987
8504724
8738637
8387217
8644085
8883556
8544027
8640777
8484134
8819534
8605453
8572901
8188585
8789423
8618759
8382513
8618769
8790029
8389290
8827757
8547115
8827893
8766093
8560021
8767196
8669130
8735035
8395047
8809529
8604983
8400142
8617140
8336936
8851561
8645977
8799992
8881942
8626396
8595170
8551975
8575860
8735538
8549581
8767618
8891193
8626584
8786352
8773950
8500062
8640887
8490316
8588568
8585256
8801310
8588245
8738735
8562468
8526564
8311103
8553396
8559416
8842440
8767622
8841914
8584579
8556105
8505855
8385430
8543964
8384509
8098255
8520288
8734262
8645720
8642897
8766241
8513367
8545930
8734340
8490563
8797063
8248668
8774868
8826810
8836693
8524152
8861357
8520182
8389115
8515232
8560928
8409262
8298679
8386476
8928352
8380065
8818492
8578022
8388695
8810970
8644597
8734701
8757879
8600296
8786738
8731293
8579738
8572898
8805163
8758303
8736017
8670416
8578030
8871562
8648233
8756229
8519911
8544028
8787906
8670036
8649539
8736051
8789910
8577014
8605333
8733103
8857854
964852
8872536
8573775
8823292
8891402
8575537
8602605
8289896
8766072
8003873
8540248
8295326
8749680
8529024
8575916
8559632
8734573
8799977
8295138
8402839
8546256
8784966
8765986
8755121
8756508
8645654
8043622
8555812
8871691
8676406
8777049
8529288
8514552
8736234
8805137
8873350
8401523
8759626
8582770
8669980
8305574
8552921
8576787
8389062
8808665
8643178
8540158
8841884
8755925
8616805
8399990
8490851
8829841
8608771
8558649
8552413
8576776
8800548
8584867
8753526
8861308
8550596
8600489
8734515
8575724
8540100
8576281
8027254
8368186
8640817
8605451
8676247
8882338
8609103
8605445
8600729
8872540
8817540
8214626
8776201
8387099
8669933
8756934
8360801
8796856
8676248
8758406
8758162
8168164
8647964
8803053
8549133
8409220
8552610
8735491
8796499
8872892
8343601
8844039
8553119
8803082
8540216
8648457
8583965
8336581
8648341
8843190
8649218
8549482
8873244
8551726
8587042
8784314
8862509
8640032
8771248
8861459
8648078
8556016
8600004
8909730
8851736
8556726
8311102
8736754
8734413
8812046
8553510
8556298
8736042
8357324
8676297
863935
8545846
8393900
8758188
8772010
8843375
8522412
8873321
8373117
8803080
8640101
8826817
8393528
8797501
8734417
8649022
8641407
8787942
8303660
8784963
8767318
8753679
8589599
8585171
8801209
8358972
8731384
8160197
8605484
8583441
8787800
8354816
8613224
8735497
8828329
8643833
8587965
8738597
8527308
8817607
8829936
8244703
8340535
8642665
8492721
8552624
8862390
8618832
8737734
8852427
8796480
8868763
8891200
8556267
8405737
8619183
8677489
8382538
8736273
8668922
4751096
8490708
8527680
8803628
8796486
8804467
8542942
8562868
8803078
8615141
8572892
8402106
8588498
8546870
8801291
8819483
8734189
8331858
8652176
8647962
8799990
8772431
8318430
8882168
8803951
8677280
8645329
8606737
8771843
8329146
8908489
8843676
8511394
8911999
8626273
8756801
8403090
8827460
8670301
8830347
8841147
8666472
8787171
8802310
8520533
8489473
8771522
8648869
8563173
8667665
8751315
8771577
8619465
8587962
8558059
8540165
8773294
8798181
8677277
8732184
8670300
8796201
8365293
8643377
8851496
8788798
8883383
8595266
8569004
8732915
8786242
8550710
8666287
8522921
8584676
8891801
1733705
8677275
8735535
8833351
8542269
8852426
8827450
8556728
8676393
8303580
8771309
8731395
8602734
8526272
8386216
8733878
8822317
8773309
8843677
8676364
8584594
8586823
8575208
8841256
961819
8654301
965304
8399332
8588758
8737733
8608431
8514021
8851687
8583453
8542941
8619037
8543969
8807487
8767041
8641081
8736382
8753719
8642604
8803405
8616558
8842002
8607137
8352835
8646590
8858491
8758057
8751307
8558258
8751891
8651314
8644125
8626491
8185817
8650123
8582731
8750954
8555958
8542708
8615607
8561508
8803397
8787941
8615963
8799838
8645978
8853164
8735963
8668105
8751317
8667768
8605532
8586670
8759605
8759614
8734527
8546437
8670435
964446
8409500
8853519
8789984
8618845
8867570
8561852
8586209
8751046
8643199
8521808
8546847
8891190
8862378
8759941
8300253
8500914
8827481
8771133
8796514
8871695
8406013
8627185
8736202
8495465
8644213
8340631
8867450
8655159
8278587
8495542
8756227
8626470
8841878
8796454
8786155
8626259
8408315
8872538
8586618
8577615
8557025
8484131
8373498
8660232
8500928
8767576
8311089
8612193
8732161
8787845
8841907
8660112
8382535
8204042
8738828
8841262
8796921
